              precision    recall  f1-score   support

           3       0.00      0.00      0.00         2
           4       0.00      0.00      0.00        12
           5       0.66      0.80      0.73       138
           6       0.66      0.64      0.65       149
           7       0.74      0.48      0.58        42
           8       0.00      0.00      0.00         0

    accuracy                           0.66       343
   macro avg       0.34      0.32      0.33       343
weighted avg       0.64      0.66      0.65       343
